#  Pair production (proton) loss rate in pc^-1
#  Table derived from dint with standard IR background
#  Energy - Fractional energy loss (dE/dt=-eta.E)
1.24294e+17 1.70402e-13
1.56477e+17 2.29994e-13
1.96993e+17 3.18883e-13
2.48000e+17 4.44734e-13
3.12213e+17 6.11076e-13
3.93053e+17 8.15094e-13
4.94824e+17 1.05961e-12
6.22947e+17 1.41539e-12
7.84244e+17 2.20498e-12
9.87304e+17 4.34178e-12
1.24294e+18 9.68285e-12
1.56477e+18 2.10894e-11
1.96993e+18 4.19771e-11
2.48000e+18 7.54488e-11
3.12213e+18 1.23373e-10
3.93053e+18 1.85767e-10
4.94824e+18 2.60689e-10
6.22947e+18 3.44569e-10
7.84244e+18 4.32831e-10
9.87304e+18 5.20581e-10
1.24294e+19 6.03220e-10
1.56477e+19 6.76879e-10
1.96993e+19 7.38691e-10
2.48000e+19 7.86839e-10
3.12213e+19 8.20533e-10
3.93053e+19 8.39841e-10
4.94824e+19 8.45541e-10
6.22947e+19 8.38906e-10
7.84244e+19 8.21531e-10
9.87304e+19 7.95179e-10
1.24294e+20 7.61640e-10
1.56477e+20 7.22649e-10
1.96993e+20 6.79811e-10
2.48000e+20 6.34569e-10
3.12213e+20 5.88153e-10
3.93053e+20 5.41609e-10
4.94824e+20 4.95780e-10
6.22947e+20 4.51327e-10
7.84244e+20 4.08757e-10
9.87304e+20 3.68439e-10
1.24294e+21 3.30622e-10
1.56477e+21 2.95454e-10
1.96993e+21 2.62999e-10
2.48000e+21 2.33254e-10
3.12213e+21 2.06164e-10
3.93053e+21 1.81630e-10
4.94824e+21 1.59527e-10
6.22947e+21 1.39709e-10
7.84244e+21 1.22019e-10
9.87304e+21 1.06292e-10
1.24294e+22 9.23665e-11
1.56477e+22 8.00789e-11
1.96993e+22 6.92735e-11
2.48000e+22 5.98016e-11
3.12213e+22 5.15248e-11
3.93053e+22 4.43129e-11
4.94824e+22 3.80465e-11
6.22947e+22 3.26164e-11
7.84244e+22 2.79236e-11
9.87304e+22 2.38787e-11
1.24294e+23 2.04017e-11
1.56477e+23 1.74209e-11
1.96993e+23 1.48713e-11
2.48000e+23 1.26940e-11
3.12213e+23 1.08361e-11
3.93053e+23 9.25155e-12
4.94824e+23 7.90000e-12
6.22947e+23 6.74693e-12
7.84244e+23 5.76285e-12
9.87304e+23 4.92262e-12
1.24294e+24 4.20489e-12
1.56477e+24 3.59156e-12
