#CRPropa - Output data file
#Format - Particle_Type Initial_Particle_Type Time(Mpc) Position[X,Y,Z](Mpc) Momentum[X,Y,Z](Mpc) Energy(EeV)
-1 -1 -1 3 3 2.5 -90.6871 62.5398 -46.7716 -1
26056 26056 0 0 0 0 -90.6871 62.5398 -46.7716 119.679
26056 26056 1 -0.743535 0.522825 0.169319 -64.6469 62.7431 78.7847 119.679
26056 26056 2 -1.27249 1.05045 0.834005 -63.5229 63.2278 79.3098 119.679
26056 26056 3 -1.80574 1.5723 1.49981 -64.232 61.4093 80.1629 119.679
26056 26056 4 -2.34472 1.81159 2.23324 -64.7368 -55.6109 83.9018 119.679
26056 26056 5 -2.88663 1.73861 2.38692 -64.8989 -100.425 5.08154 119.679
26056 26056 6 -3.42946 1.19911 2.99286 -64.9761 -43.3193 90.689 119.679
26056 26056 7 -3.97206 0.832588 3.74866 -64.898 -44.2508 90.2943 119.679
26056 26056 8 -4.51397 0.46028 4.50213 -64.8097 -44.7887 90.0924 119.679
26056 26056 9 -5.05507 0.0920956 5.25817 -64.7013 -42.1939 91.4132 119.679
26056 26056 10 -5.59518 -0.289314 5.9879 -64.5874 -9.7086 100.285 119.679
-1 -1 -1 3 3 2.5 93.1882 50.6377 101.798 -1
26056 26056 0 0 0 0 93.1882 50.6377 101.798 147.007
26056 26056 1 0.712952 0.344432 0.596428 129.887 50.5673 46.7261 147.007
26056 26056 2 1.59959 0.687772 0.905238 128.437 50.3484 50.7949 147.007
26056 26056 3 2.4655 1.02941 1.27049 126.832 50.135 54.873 147.007
26056 26056 4 3.32873 1.3704 1.64274 127.051 50.1555 54.3467 147.007
26056 26056 5 4.19373 1.71209 2.01019 127.199 50.3162 53.8484 147.007
26056 26056 6 5.05918 2.05491 2.37552 127.284 50.4674 53.505 147.007
26056 26056 7 5.92529 2.39864 2.73843 127.295 50.6052 53.3491 147.007
26056 26056 8 6.78949 2.63767 2.93356 126.929 62.8885 39.3086 147.007
26056 26056 9 7.65282 2.52222 2.67679 126.902 -25.1874 -69.8027 147.007
26056 26056 10 8.51625 2.67817 2.22001 126.97 40.3306 -62.1542 147.007
-1 -1 -1 3 3 2.5 -43.5707 61.1341 75.7803 -1
26056 26056 0 0 0 0 -43.5707 61.1341 75.7803 106.67
26056 26056 1 -0.0783136 0.573312 0.791759 19.4961 61.018 85.2944 106.67
26056 26056 2 0.107769 1.13979 1.59454 20.1868 59.6056 86.1284 106.67
26056 26056 3 0.302959 1.68727 2.40821 22.911 57.0651 87.1613 106.67
26056 26056 4 0.60665 2.20816 3.20369 42.4838 53.9447 81.6304 106.67
26056 26056 5 0.857106 2.69592 4.02934 1.9135 50.3081 94.0418 106.67
26056 26056 6 0.736526 3.15872 4.90523 -21.915 48.881 92.2432 106.67
26056 26056 7 0.513773 3.61486 5.76678 -24.2999 47.8508 92.1859 106.67
26056 26056 8 0.286801 4.08613 6.61866 -24.1045 55.2823 87.9845 106.67
26056 26056 9 0.347279 4.62708 7.42315 34.8837 58.4066 82.1598 106.67
26056 26056 10 0.677748 5.17533 8.1914 35.3163 58.5929 81.8417 106.67
-1 -1 -1 3 3 2.5 -10.9086 60.5785 -61.9585 -1
26056 26056 0 0 0 0 -10.9086 60.5785 -61.9585 87.3361
26056 26056 1 -0.524612 0.69336 -0.343448 -62.8961 60.5583 2.09129 87.3361
26056 26056 2 -1.24455 1.38699 -0.319627 -62.8538 60.6048 2.01357 87.3361
26056 26056 3 -1.96368 2.08136 -0.29364 -62.7174 60.6868 3.3525 87.3361
26056 26056 4 -2.64881 2.77645 -0.203586 -34.995 60.7307 52.1031 87.3361
26056 26056 5 -2.6237 3.48413 0.487522 10.51 68.5383 53.1003 87.3361
26056 26056 6 -2.5036 3.5975 0.223009 10.2976 -85.6966 -13.329 87.3361
26056 26056 7 -2.39626 2.60987 0.110204 6.0221 -86.4507 -10.8453 87.3361
26056 26056 8 -2.33335 1.61771 0.00321671 6.07597 -86.8222 -7.25166 87.3361
26056 26056 9 -2.26328 0.621922 -0.0540711 6.16128 -87.0497 -3.46335 87.3361
26056 26056 10 -2.2143 -0.37505 -0.0559438 4.28041 -86.9279 7.26719 87.3361
-1 -1 -1 3 3 2.5 -9.91842 25.2698 49.6098 -1
26056 26056 0 0 0 0 -9.91842 25.2698 49.6098 56.5515
26056 26056 1 0.414669 0.447763 0.618271 49.6048 25.2883 -9.89619 56.5515
26056 26056 2 0.963522 0.896463 -0.0117038 8.05707 25.4938 -49.8319 56.5515
26056 26056 3 1.08024 1.34937 -0.895448 6.26895 25.7152 -49.975 56.5515
26056 26056 4 1.20735 1.80481 -1.77656 7.72801 25.7882 -49.7324 56.5515
26056 26056 5 1.3446 2.25397 -2.65908 7.68548 18.7919 -52.7813 56.5515
26056 26056 6 1.47948 2.26067 -2.72668 7.66517 55.1698 -9.7778 56.5515
26056 26056 7 1.61319 2.42179 -3.57865 7.37767 -9.98459 -55.172 56.5515
26056 26056 8 1.74042 2.37592 -4.56808 7.03222 0.732785 -56.1077 56.5515
26056 26056 9 1.86362 2.40521 -5.55999 7.52716 2.49731 -55.9926 56.5515
26056 26056 10 2.34876 2.46192 -6.33976 55.9343 3.64994 -7.48995 56.5515
-1 -1 -1 3 3 2.5 -70.619 -124.737 153.664 -1
26056 26056 0 0 0 0 -70.619 -124.737 153.664 210.14
26056 26056 1 -0.336584 -0.591937 0.731802 -79.1679 -123.49 150.471 210.14
26056 26056 2 -0.704467 -1.17074 1.45953 -76.7147 -119.912 154.58 210.14
26056 26056 3 -1.06926 -1.71035 2.21775 -76.5923 -102.204 166.874 210.14
26056 26056 4 -1.43351 -1.87115 2.59832 -76.4833 -112.181 160.39 210.14
26056 26056 5 -1.79782 -2.5764 2.51602 -76.5748 -100.257 168.059 210.14
26056 26056 6 -2.16222 -2.74887 2.62871 -76.5603 -77.631 179.641 210.14
26056 26056 7 -2.52651 -2.45137 2.61947 -76.5232 74.5543 -180.955 210.14
26056 26056 8 -2.89093 -3.20745 2.38212 -76.6175 -177.985 -81.3023 210.14
26056 26056 9 -3.25577 -4.02497 2.68218 -76.6888 -143.681 132.792 210.14
26056 26056 10 -3.6206 -4.70474 3.31843 -76.6473 -142.842 133.718 210.14
-1 -1 -1 3 3 2.5 45.4663 -206.609 -164.988 -1
26056 26056 0 0 0 0 45.4663 -206.609 -164.988 268.282
26056 26056 1 0.189645 -0.770275 -0.608469 55.1314 -206.66 -161.95 268.282
26056 26056 2 0.388907 -1.54064 -1.21413 52.7266 -206.633 -162.782 268.282
26056 26056 3 0.585186 -2.31001 -1.82203 52.625 -205.056 -164.798 268.282
26056 26056 4 0.781288 -2.97365 -2.53529 52.5856 -137.218 -224.458 268.282
26056 26056 5 0.972485 -3.12118 -3.46903 50.1199 109.694 -239.647 268.282
26056 26056 6 1.15188 -2.70391 -3.17113 48.6042 -201.688 170.103 268.282
26056 26056 7 1.33343 -2.68431 -3.41063 49.9879 116.91 236.239 268.282
26056 26056 8 1.5186 -2.66992 -3.44708 50.2197 197.191 174.84 268.282
26056 26056 9 1.70479 -2.68766 -3.56818 50.3631 239.474 -109.961 268.282
26056 26056 10 1.89376 -2.6008 -4.14291 50.8398 -263.42 0.938024 268.282
-1 -1 -1 3 3 2.5 -160.104 62.231 26.4014 -1
26056 26056 0 0 0 0 -160.104 62.231 26.4014 173.79
26056 26056 1 -0.7407 0.35873 0.505858 -87.4403 62.4132 136.608 173.79
26056 26056 2 -1.20358 0.715731 1.31706 -79.1239 60.7642 142.303 173.79
26056 26056 3 -1.65902 1.05019 2.14205 -79.1388 54.2554 144.901 173.79
26056 26056 4 -2.11584 1.18759 3.00754 -79.6334 -31.3815 151.251 173.79
26056 26056 5 -2.5746 1.21803 3.42425 -79.7171 24.4339 -152.483 173.79
26056 26056 6 -3.03323 1.14194 3.26571 -79.6937 -124.718 -91.0892 173.79
26056 26056 7 -3.49159 1.60878 3.61689 -79.6231 151.9 28.1012 173.79
26056 26056 8 -3.94949 2.48211 3.78307 -79.5392 151.774 29.0021 173.79
26056 26056 9 -4.40752 3.35537 3.94926 -79.6964 151.776 28.5565 173.79
26056 26056 10 -4.8661 4.22968 4.10825 -79.6683 152.105 26.833 173.79
-1 -1 -1 3 3 2.5 -49.9757 -11.7946 -58.8106 -1
26056 26056 0 0 0 0 -49.9757 -11.7946 -58.8106 78.0728
26056 26056 1 -0.860524 -0.152171 -0.448691 -76.6017 -12.0035 -9.13593 78.0728
26056 26056 2 -1.20442 -0.295509 0.233006 25.4878 -11.5685 72.8829 78.0728
26056 26056 3 -0.795998 -0.471425 1.12514 38.5616 -12.3756 66.7474 78.0728
26056 26056 4 -0.464138 -0.570712 2.05916 23.1193 -3.87948 74.4702 78.0728
26056 26056 5 -0.124211 -0.655577 2.99511 28.1305 -10.2766 72.1002 78.0728
26056 26056 6 0.260454 -0.401468 3.76948 31.6091 70.5878 10.6586 78.0728
26056 26056 7 0.665976 0.418564 3.38776 31.6877 63.9947 -31.5585 78.0728
26056 26056 8 1.07217 1.26145 3.03599 31.713 67.0085 -24.4849 78.0728
26056 26056 9 1.47194 2.12639 2.73299 33.2215 67.8498 -19.7004 78.0728
26056 26056 10 1.63871 2.99404 2.95148 -28.9341 67.4127 26.7154 78.0728
-1 -1 -1 3 3 2.5 52.4728 -90.1866 10.5603 -1
26056 26056 0 0 0 0 52.4728 -90.1866 10.5603 104.874
26056 26056 1 0.450188 -0.859728 0.22081 42.7075 -90.0997 32.5064 104.874
26056 26056 2 0.858224 -1.71845 0.530821 42.8318 -90.1035 32.3317 104.874
26056 26056 3 1.2667 -2.58029 0.831409 42.8409 -90.6632 30.7147 104.874
26056 26056 4 1.67509 -3.41334 1.19819 42.7665 -83.3843 47.0811 104.874
26056 26056 5 2.08183 -4.20887 1.64729 42.5604 -83.4818 47.095 104.874
26056 26056 6 2.48701 -5.00591 2.09511 42.4394 -83.6886 46.8365 104.874
26056 26056 7 2.89145 -5.80456 2.54075 42.4326 -83.8286 46.5918 104.874
26056 26056 8 3.30339 -6.60471 2.97653 45.4317 -84.0034 43.3352 104.874
26056 26056 9 3.7505 -7.40598 3.37403 47.4716 -83.992 41.1139 104.874
26056 26056 10 4.2032 -8.20471 3.77036 47.4509 -83.4246 42.2765 104.874
