#  Pair production (proton) loss rate in pc^-1
#  Table derived from dint (with IR+radio background)
#  Energy - Fractional energy loss (dE/dt=-eta.E)
  6.35142e+16  8.88072e-14
  7.99597e+16  1.23181e-13
  1.00663e+17  1.78490e-13
  1.26728e+17  2.63584e-13
  1.59541e+17  3.86124e-13
  2.00850e+17  5.51630e-13
  2.52855e+17  7.74380e-13
  3.18326e+17  1.13562e-12
  4.00749e+17  1.96063e-12
  5.04512e+17  4.15732e-12
  6.35142e+17  9.57263e-12
  7.99597e+17  2.10567e-11
  1.00663e+18  4.20153e-11
  1.26728e+18  7.55444e-11
  1.59541e+18  1.23508e-10
  2.00850e+18  1.85924e-10
  2.52855e+18  2.60850e-10
  3.18326e+18  3.44721e-10
  4.00749e+18  4.32961e-10
  5.04512e+18  5.20683e-10
  6.35142e+18  6.03289e-10
  7.99598e+18  6.76917e-10
  1.00663e+19  7.38696e-10
  1.26728e+19  7.86815e-10
  1.59541e+19  8.20482e-10
  2.00850e+19  8.39770e-10
  2.52855e+19  8.45454e-10
  3.18326e+19  8.38806e-10
  4.00749e+19  8.21424e-10
  5.04512e+19  7.95066e-10
  6.35142e+19  7.61527e-10
  7.99597e+19  7.22534e-10
  1.00663e+20  6.79704e-10
  1.26728e+20  6.34464e-10
  1.59541e+20  5.88057e-10
  2.00850e+20  5.41522e-10
  2.52855e+20  4.95702e-10
  3.18326e+20  4.51260e-10
  4.00749e+20  4.08701e-10
  5.04512e+20  3.68395e-10
  6.35142e+20  3.30591e-10
  7.99597e+20  2.95436e-10
  1.00663e+21  2.62997e-10
  1.26728e+21  2.33268e-10
  1.59541e+21  2.06196e-10
  2.00850e+21  1.81682e-10
  2.52855e+21  1.59602e-10
  3.18326e+21  1.39810e-10
  4.00749e+21  1.22150e-10
  5.04512e+21  1.06459e-10
  6.35142e+21  9.25733e-11
  7.99597e+21  8.03326e-11
  1.00663e+22  6.95832e-11
  1.26728e+22  6.01774e-11
  1.59541e+22  5.19786e-11
  2.00850e+22  4.48586e-11
  2.52855e+22  3.87014e-11
  3.18326e+22  3.34006e-11
  4.00749e+22  2.88607e-11
  5.04512e+22  2.49968e-11
  6.35142e+22  2.17336e-11
  7.99597e+22  1.90027e-11
  1.00663e+23  1.67310e-11
  1.26728e+23  1.48417e-11
  1.59541e+23  1.32604e-11
  2.00850e+23  1.19218e-11
  2.52855e+23  1.07713e-11
  3.18326e+23  9.76611e-12
  4.00749e+23  8.87371e-12
  5.04512e+23  8.07019e-12
  6.35142e+23  7.33853e-12
  7.99597e+23  6.66686e-12
