#  Pair production (proton) loss rate in pc^-1
#  Table derived from dint (with CMB background ONLY)
#  Energy - Fractional energy loss (dE/dt=-eta.E)
  6.35142e+16  5.90765e-26
  7.99597e+16  5.19179e-23
  1.00663e+17  1.66591e-20
  1.26728e+17  1.90425e-18
  1.59541e+17  8.34437e-17
  2.00850e+17  1.70192e-15
  2.52855e+17  1.93393e-14
  3.18326e+17  1.39473e-13
  4.00749e+17  7.00575e-13
  5.04512e+17  2.62925e-12
  6.35142e+17  7.79144e-12
  7.99597e+17  1.90530e-11
  1.00663e+18  3.98305e-11
  1.26728e+18  7.32254e-11
  1.59541e+18  1.21104e-10
  2.00850e+18  1.83481e-10
  2.52855e+18  2.58411e-10
  3.18326e+18  3.42321e-10
  4.00749e+18  4.30634e-10
  5.04512e+18  5.18451e-10
  6.35142e+18  6.01171e-10
  7.99598e+18  6.74930e-10
  1.00663e+19  7.36838e-10
  1.26728e+19  7.85097e-10
  1.59541e+19  8.18903e-10
  2.00850e+19  8.38325e-10
  2.52855e+19  8.44141e-10
  3.18326e+19  8.37619e-10
  4.00749e+19  8.20356e-10
  5.04512e+19  7.94108e-10
  6.35142e+19  7.60672e-10
  7.99597e+19  7.21774e-10
  1.00663e+20  6.79029e-10
  1.26728e+20  6.33863e-10
  1.59541e+20  5.87528e-10
  2.00850e+20  5.41052e-10
  2.52855e+20  4.95287e-10
  3.18326e+20  4.50891e-10
  4.00749e+20  4.08372e-10
  5.04512e+20  3.68100e-10
  6.35142e+20  3.30324e-10
  7.99597e+20  2.95192e-10
  1.00663e+21  2.62769e-10
  1.26728e+21  2.33052e-10
  1.59541e+21  2.05986e-10
  2.00850e+21  1.81472e-10
  2.52855e+21  1.59386e-10
  3.18326e+21  1.39583e-10
  4.00749e+21  1.21904e-10
  5.04512e+21  1.06187e-10
  6.35142e+21  9.22667e-11
  7.99597e+21  7.99830e-11
  1.00663e+22  6.91786e-11
  1.26728e+22  5.97052e-11
  1.59541e+22  5.14245e-11
  2.00850e+22  4.42057e-11
  2.52855e+22  3.79294e-11
  3.18326e+22  3.24861e-11
  4.00749e+22  2.77764e-11
  5.04512e+22  2.37106e-11
  6.35142e+22  2.02083e-11
  7.99597e+22  1.71972e-11
  1.00663e+23  1.46137e-11
  1.26728e+23  1.24010e-11
  1.59541e+23  1.05093e-11
  2.00850e+23  8.89465e-12
  2.52855e+23  7.51877e-12
  3.18326e+23  6.34812e-12
  4.00749e+23  5.35358e-12
  5.04512e+23  4.50984e-12
  6.35142e+23  3.79500e-12
  7.99597e+23  3.19016e-12
