# pion production rate for neutrons on the CMB
# table derived from SOPHIA cross-sections
#   Energy(EeV) - rate in Mpc^(-1)
      10.0000      0.00000
      10.9750      0.00000
      12.0450      0.00000
      13.2194      0.00000
      14.5083      0.00000
      15.9228      0.00000
      17.4753      0.00000
      19.1791      0.00000
      21.0491      0.00000
      23.1013      0.00000
      25.3536      0.00000
      27.8256  2.40446e-06
      30.5385  1.35524e-05
      33.5160  4.67777e-05
      36.7838  0.000124595
      40.3702  0.000288098
      44.3062  0.000598929
      48.6260   0.00115742
      53.3670   0.00211352
      58.5702   0.00362745
      64.2807   0.00592131
      70.5480   0.00925148
      77.4264    0.0139417
      84.9753    0.0200995
      93.2603    0.0280620
      102.353    0.0379856
      112.332    0.0498018
      123.285    0.0634624
      135.305    0.0787124
      148.497    0.0950275
      162.975     0.112448
      178.865     0.130093
      196.304     0.147630
      215.443     0.164846
      236.449     0.180892
      259.503     0.196002
      284.804     0.208976
      312.571     0.220752
      343.047     0.230722
      376.494     0.238807
      413.201     0.245299
      453.488     0.249594
      497.703     0.252774
      546.227     0.254125
      599.484     0.254305
      657.933     0.253342
      722.080     0.251240
      792.482     0.248430
      869.749     0.244925
      954.549     0.240751
      1047.61     0.235757
      1149.76     0.231544
      1261.86     0.226097
      1384.89     0.220712
      1519.91     0.215280
      1668.10     0.210349
      1830.74     0.206059
      2009.23     0.200994
      2205.13     0.195703
      2420.13     0.191622
      2656.09     0.188070
      2915.05     0.184627
      3199.27     0.180907
      3511.19     0.176939
      3853.53     0.173154
      4229.24     0.169806
      4641.59     0.166795
      5094.13     0.164143
      5590.81     0.161827
      6135.91     0.159813
      6734.16     0.157712
      7390.72     0.155648
      8111.31     0.153809
      8902.16     0.152190
      9770.09     0.150694
      10722.7     0.149341
      11768.1     0.148175
      12915.5     0.147144
      14174.7     0.146195
      15556.8     0.145348
      17073.5     0.144583
      18738.2     0.143929
      20565.1     0.143323
      22570.2     0.142830
      24770.8     0.142426
      27185.9     0.142094
      29836.5     0.141809
      32745.5     0.141590
      35938.1     0.141452
      39442.1     0.141319
      43287.6     0.141277
      47508.1     0.141249
      52140.1     0.141300
      57223.7     0.141362
      62802.8     0.141492
      68926.1     0.141672
      75646.4     0.141868
      83021.6     0.142093
      91116.2     0.142375
      100000.     0.142692
