# pion production rate for protons on the CIB (Lucas example CIB)
# table derived from SOPHIA cross-sections
#   Energy(EeV) - rate in Mpc^(-1)
     0.010000000   1.0292715e-76
     0.010964800   1.0292715e-76
     0.012022600   1.0292715e-76
     0.013182600   2.6285630e-11
     0.014454400   6.0307447e-10
     0.015848900   1.2879727e-09
     0.017378000   2.9945141e-09
     0.019054600   3.1882773e-09
     0.020893000   7.6967481e-09
     0.022908700   8.6070371e-09
     0.025118900   2.1317644e-08
     0.027542300   2.5491541e-08
     0.030199500   3.1640363e-08
     0.033113100   5.9424062e-08
     0.036307800   6.1758512e-08
     0.039810700   8.1488302e-08
     0.043651600   8.4249547e-08
     0.047863000   1.4446650e-07
     0.052480700   1.8381812e-07
     0.057544000   1.9071595e-07
     0.063095700   2.1996151e-07
     0.069183100   2.2781534e-07
     0.075857800   2.3709942e-07
     0.083176400   3.8287478e-07
     0.091201100   5.3812914e-07
      0.10000000   5.9701849e-07
      0.10964800   7.0131637e-07
      0.12022600   9.2711916e-07
      0.13182600   9.8883604e-07
      0.14454400   1.1117646e-06
      0.15848900   1.4089409e-06
      0.17378000   1.6495879e-06
      0.19054600   1.9304758e-06
      0.20893000   2.2609242e-06
      0.22908700   2.6054694e-06
      0.25118900   2.8554051e-06
      0.27542300   3.3139797e-06
      0.30199500   3.7331263e-06
      0.33113100   4.2262569e-06
      0.36307800   4.4337837e-06
      0.39810700   4.9003514e-06
      0.43651600   5.2356843e-06
      0.47863000   5.6117982e-06
      0.52480700   5.9030832e-06
      0.57544000   6.2648006e-06
      0.63095700   6.5330441e-06
      0.69183100   6.7937090e-06
      0.75857800   6.9420340e-06
      0.83176400   7.1228115e-06
      0.91201100   7.3925129e-06
       1.0000000   7.5931297e-06
       1.0964800   7.8046344e-06
       1.2022600   8.0204682e-06
       1.3182600   8.3281976e-06
       1.4454400   8.6936866e-06
       1.5848900   9.0383225e-06
       1.7378000   9.4838869e-06
       1.9054600   1.0099725e-05
       2.0893000   1.0636872e-05
       2.2908700   1.1156182e-05
       2.5118900   1.1909313e-05
       2.7542300   1.2635101e-05
       3.0199500   1.3364446e-05
       3.3113100   1.4252547e-05
       3.6307800   1.5275361e-05
       3.9810700   1.5964291e-05
       4.3651600   1.6896715e-05
       4.7863000   1.7901000e-05
       5.2480700   1.9145718e-05
       5.7544000   2.0457386e-05
       6.3095700   2.1285608e-05
       6.9183100   2.4673690e-05
       7.5857800   2.8202778e-05
       8.3176400   3.2655300e-05
       9.1201100   3.8527628e-05
       10.000000   4.6952545e-05
       10.964800   5.7972359e-05
       12.022600   7.2174547e-05
       13.182600   9.1411021e-05
       14.454400   0.00011427318
       15.848900   0.00014151818
       17.378000   0.00017301457
       19.054600   0.00020789805
       20.893000   0.00024649059
       22.908700   0.00028827250
       25.118900   0.00033135954
       27.542300   0.00037827348
       30.199500   0.00042140040
       33.113100   0.00046260316
       36.307800   0.00050335486
       39.810700   0.00054146249
       43.651600   0.00056738232
       47.863000   0.00060574122
       52.480700   0.00061553234
       57.544000   0.00066046708
       63.095700   0.00067663577
       69.183100   0.00069452161
       75.857800   0.00069708757
       83.176400   0.00069415039
       91.201100   0.00070528328
       100.00000   0.00072766964
       109.64800   0.00069470978
       120.22600   0.00069185001
       131.82600   0.00068224924
       144.54400   0.00067088429
       158.48900   0.00066087301
       173.78000   0.00064416388
       190.54600   0.00063774290
       208.93000   0.00062269602
       229.08700   0.00061195016
       251.18900   0.00058290004
       275.42300   0.00058636238
       301.99500   0.00057812157
       331.13100   0.00055698205
       363.07800   0.00055281299
       398.10700   0.00054259654
       436.51600   0.00054617649
       478.63000   0.00053156994
       524.80700   0.00052878717
       575.44000   0.00051890905
       630.95700   0.00051320739
       691.83100   0.00050720742
       758.57800   0.00050351453
       831.76400   0.00049732687
       912.01100   0.00050038279
       1000.0000   0.00048917935
       1096.4800   0.00048872033
       1202.2600   0.00048469338
       1318.2600   0.00048179072
       1445.4400   0.00048027741
       1584.8900   0.00047699910
       1737.8000   0.00047640599
       1905.4600   0.00047429105
       2089.3000   0.00047229293
       2290.8700   0.00047155798
       2511.8900   0.00046868702
       2754.2300   0.00046873975
       3019.9500   0.00046662685
       3311.3100   0.00046643314
       3630.7800   0.00046390366
       3981.0700   0.00046388859
       4365.1600   0.00046296511
       4786.3000   0.00046145256
       5248.0700   0.00045846744
       5754.4000   0.00045676283
       6309.5700   0.00045248255
       6918.3100   0.00044755746
       7585.7800   0.00044064705
       8317.6400   0.00043259705
       9120.1100   0.00042237935
