# pion production rate for protons on the CIB (Lucas example CIB)
# table derived from SOPHIA cross-sections
#   Energy(EeV) - rate in Mpc^(-1)
     0.010000000   1.0292715e-76
     0.010964800   1.0292715e-76
     0.012022600   1.0292715e-76
     0.013182600   2.5191265e-11
     0.014454400   5.7796786e-10
     0.015848900   1.2343515e-09
     0.017378000   2.8698440e-09
     0.019054600   3.0555437e-09
     0.020893000   7.3762088e-09
     0.022908700   8.2485111e-09
     0.025118900   2.0429677e-08
     0.027542300   2.4441452e-08
     0.030199500   3.0355647e-08
     0.033113100   5.7042462e-08
     0.036307800   5.9297913e-08
     0.039810700   7.8421531e-08
     0.043651600   8.1214976e-08
     0.047863000   1.3950640e-07
     0.052480700   1.7777999e-07
     0.057544000   1.8445998e-07
     0.063095700   2.1618957e-07
     0.069183100   2.2363960e-07
     0.075857800   2.3337277e-07
     0.083176400   3.9489324e-07
     0.091201100   5.2726765e-07
      0.10000000   5.8794478e-07
      0.10964800   6.9147686e-07
      0.12022600   9.1276687e-07
      0.13182600   9.7382362e-07
      0.14454400   1.0984967e-06
      0.15848900   1.3903062e-06
      0.17378000   1.5773692e-06
      0.19054600   1.8811561e-06
      0.20893000   2.2346918e-06
      0.22908700   2.5843867e-06
      0.25118900   2.8410059e-06
      0.27542300   3.3017684e-06
      0.30199500   3.7282272e-06
      0.33113100   4.2309238e-06
      0.36307800   4.4642459e-06
      0.39810700   4.9467727e-06
      0.43651600   5.3046458e-06
      0.47863000   5.7416158e-06
      0.52480700   6.0955911e-06
      0.57544000   6.4477858e-06
      0.63095700   6.7832481e-06
      0.69183100   7.0771909e-06
      0.75857800   7.1994759e-06
      0.83176400   7.6111610e-06
      0.91201100   7.8058528e-06
       1.0000000   8.0512057e-06
       1.0964800   8.3940503e-06
       1.2022600   8.6186093e-06
       1.3182600   8.9197313e-06
       1.4454400   9.3003357e-06
       1.5848900   9.7248831e-06
       1.7378000   1.0074217e-05
       1.9054600   1.0654313e-05
       2.0893000   1.1308137e-05
       2.2908700   1.1873735e-05
       2.5118900   1.2391497e-05
       2.7542300   1.3250790e-05
       3.0199500   1.4075764e-05
       3.3113100   1.4751765e-05
       3.6307800   1.5904294e-05
       3.9810700   1.6631961e-05
       4.3651600   1.7688346e-05
       4.7863000   1.9389051e-05
       5.2480700   1.9939464e-05
       5.7544000   2.0307084e-05
       6.3095700   2.3529633e-05
       6.9183100   2.5544285e-05
       7.5857800   2.8472750e-05
       8.3176400   3.3493656e-05
       9.1201100   3.8976022e-05
       10.000000   4.7130462e-05
       10.964800   5.8132437e-05
       12.022600   7.1968852e-05
       13.182600   8.6502197e-05
       14.454400   0.00011257889
       15.848900   0.00013910779
       17.378000   0.00016933339
       19.054600   0.00020378344
       20.893000   0.00024148990
       22.908700   0.00028203414
       25.118900   0.00032588363
       27.542300   0.00037296037
       30.199500   0.00041471061
       33.113100   0.00045942581
       36.307800   0.00050276015
       39.810700   0.00054382110
       43.651600   0.00058387683
       47.863000   0.00061631763
       52.480700   0.00064826039
       57.544000   0.00068269172
       63.095700   0.00072099613
       69.183100   0.00073069504
       75.857800   0.00073715870
       83.176400   0.00074141076
       91.201100   0.00076104080
       100.00000   0.00075646971
       109.64800   0.00075790303
       120.22600   0.00074900195
       131.82600   0.00075310278
       144.54400   0.00074212054
       158.48900   0.00072803518
       173.78000   0.00072251725
       190.54600   0.00071327185
       208.93000   0.00069707299
       229.08700   0.00067823740
       251.18900   0.00066799375
       275.42300   0.00064244231
       301.99500   0.00064269417
       331.13100   0.00062276971
       363.07800   0.00061735255
       398.10700   0.00060476677
       436.51600   0.00060091459
       478.63000   0.00059001575
       524.80700   0.00058542183
       575.44000   0.00057246883
       630.95700   0.00056603026
       691.83100   0.00055461887
       758.57800   0.00055178502
       831.76400   0.00054371170
       912.01100   0.00054565197
       1000.0000   0.00053228013
       1096.4800   0.00053059124
       1202.2600   0.00052497296
       1318.2600   0.00052078722
       1445.4400   0.00051803272
       1584.8900   0.00051519570
       1737.8000   0.00051187551
       1905.4600   0.00050857198
       2089.3000   0.00050547684
       2290.8700   0.00050230811
       2511.8900   0.00050003500
       2754.2300   0.00049900947
       3019.9500   0.00049723290
       3311.3100   0.00049479721
       3630.7800   0.00049136669
       3981.0700   0.00049049663
       4365.1600   0.00048875378
       4786.3000   0.00048640261
       5248.0700   0.00048258822
       5754.4000   0.00048012061
       6309.5700   0.00047477294
       6918.3100   0.00046918840
       7585.7800   0.00046139295
       8317.6400   0.00045246821
       9120.1100   0.00044131600
